-1.607098758601800625e+00 -2.061895651747636116e+00
-8.025364863015684858e-01 1.245760729618821117e+00
-1.089714529109023555e+00 6.128864337687887076e-01
-6.034567120845981680e-01 1.988773017739009497e-01
-7.406199781020968986e-01 1.501460864277054608e+00
-7.999756851988852890e-01 -1.392734392868620441e+00
-6.692090635365233187e-01 1.471079883527285137e+00
-1.163906767359279337e+00 6.835481380344041735e-01
-5.264387058176507317e-01 1.708961761414553582e-01
-3.113392195878559310e-01 1.047396209090397434e+00
-6.582074055534206103e-01 1.438397161271683267e+00
-7.789709392481519723e-01 1.087469599952205490e+00
-6.035898572768485515e-01 1.618732983983202312e+00
-1.542730637340090416e+00 7.741690453313498921e-02
-3.777772314850711410e-01 7.662081010819719040e-01
-1.369347978059999082e+00 -2.322211799867540449e+00
-7.041714991191205808e-01 1.325531754379046800e+00
-1.188308614608708957e+00 -1.514855208181294710e+00
-4.727160374419738798e-01 1.872034126558253408e+00
-1.128609811532363283e+00 1.007963428745813017e+00
-1.358356297728992912e+00 -2.512705014898250155e+00
-1.112789842792655248e+00 -6.692405491710162746e-01
-8.727502434148491917e-01 -5.909127395140274519e-01
-1.254299020322350966e+00 -1.490475092044461158e+00
-1.104262370417958161e+00 8.562946070447744473e-01
-1.070344716595065915e+00 9.124341253266540219e-01
-1.457612285882492920e+00 2.407582308804208093e-01
-1.406435877537272949e+00 3.326029898761302395e-01
-1.275570981075646593e+00 -2.222384203236629219e+00
-9.482246299823052782e-01 7.803631909426795854e-01
-1.189266364502210349e+00 -1.558383065189458794e+00
-9.143427403829827993e-01 -5.944360517391692467e-01
-1.528061449784182457e+00 -2.944468870065876764e+00
-8.874390191727112853e-01 1.155810333832525627e+00
-9.256115191588890623e-01 1.207408511879956237e+00
-1.080433309158026711e+00 8.200760120821419807e-01
-1.336919703546600058e+00 -1.489254358866828776e+00
-1.195638705458607953e+00 -1.355154148862347530e+00
-1.048297699270829719e+00 1.124952235300772374e+00
-9.517342223149825031e-01 -1.449225468367019598e+00
-1.196419369733195293e+00 -9.647136984705652063e-01
-1.009135612596746556e+00 -1.042315291974761804e+00
-1.033481788275124824e+00 7.977827215285069329e-01
-9.499055109811201936e-01 1.081190692741839099e+00
-1.203753290672798570e+00 -1.226295260275475307e+00
-9.314012771687191217e-01 1.211866753462388369e+00
-9.071365097998739246e-01 -1.427863077871897923e+00
-7.369937792903649143e-01 -3.841034722533983592e-01
-1.107102011702131517e+00 7.355651071123781026e-01
-1.104234996266207025e+00 -1.167728268305154193e+00
-9.581083067827168565e-01 -9.938375367638114799e-01
-8.632638726275578822e-01 1.168093107459337920e+00
7.247733430803204868e-03 1.102933543666295257e+00
-1.210790233718431086e+00 -1.154771645863693630e+00
-1.254826333244629888e+00 6.284564784005107763e-01
-7.067470504891870675e-01 1.505826463434691398e+00
-6.623327298390788709e-01 1.608987721381149427e+00
-1.216779246208786525e+00 8.155183530876777276e-01
-1.291117108123188473e+00 6.710965332920976190e-01
-7.821294645093477271e-01 1.131507937272131281e+00
-1.348102935778763056e+00 -1.991048219386976736e+00
-1.307567522579004660e+00 -1.059440359265010123e+00
-8.139958976212278152e-01 -9.251142622969468210e-01
-7.492704896919961666e-01 -3.138646823000434960e-02
-1.293925783060482226e+00 5.126161498156440732e-01
-1.628006455178875989e+00 2.379195498206598813e-01
-8.270590673213444877e-01 1.063947669946330166e-02
-9.910569559025138586e-01 -8.009018821089091134e-01
-9.491808553854819142e-01 7.520845734356014223e-01
-1.251035567831573214e+00 -1.102863634093450784e+00
-7.017028910631435412e-01 1.653370735227659427e+00
-1.088415097970559797e+00 -1.336100845701379658e+00
-1.098131303870524045e+00 -1.284493418655754837e+00
-1.006273625145694517e+00 1.242805300174986360e+00
-6.887533920112959285e-01 -7.009082686608214541e-01
-4.562156317359824520e-01 1.569869261619155409e+00
-4.164598319320610420e-01 2.490203321383916979e-01
-1.487647300469536082e+00 4.439390850725228876e-01
-8.461421789574131713e-01 1.434320818689257315e+00
-7.523849537670175280e-01 2.309244979713915846e-01
-1.535419366523831375e+00 1.205172854947890171e-01
-1.471435076166237810e+00 2.775893435819506427e-01
-1.230991349628137499e+00 -1.926560441643497157e+00
-1.470764565341180719e+00 -2.708011690700699248e+00
-1.214302421476515903e+00 -1.353864697182920018e+00
-9.871876385477462712e-01 -1.463880408982767278e+00
-1.079858117820683860e+00 -1.382644759145609026e+00
-1.185623163745303632e+00 -1.654255231582421715e+00
-1.210082696873266972e+00 6.921449543683245720e-01
-9.199155641016459883e-01 1.347541252131265521e+00
-9.465714074350924934e-01 1.100825104913549790e+00
-1.696893059476653809e+00 -2.667152271443646860e+00
-1.587283811683224855e+00 -2.107164809712765319e+00
-1.273811902912242777e+00 5.397955225574619931e-01
-1.048433384960615777e+00 9.867117961691060923e-01
-1.120599363086181466e+00 9.681135970127406898e-01
-4.864471069973890227e-01 5.803142162770722479e-01
-6.924283838800857627e-01 1.555104668757967268e+00
-1.287279533436438195e+00 -1.792256853840424213e+00
-5.759075248870928476e-01 1.537848998743802653e+00
